x 0.005000 0 0
X 0.005000 0 1
z 0.050000 0 0
Z 0.050000 0 1
q 0.173000 0 0
Q 0.173000 0 1
v 0.619000 0 0
V 0.619000 0 1
j 0.631000 0 0
J 0.631000 0 1
k 0.690000 0 0
K 0.690000 0 1
u 1.487000 1 0
U 1.487000 1 1
y 1.620000 0 0
Y 1.620000 0 1
r 1.653000 0 0
R 1.653000 0 1
g 1.950000 0 0
G 1.950000 0 1
e 2.001000 1 0
E 2.001000 1 1
n 2.365000 0 0
N 2.365000 0 1
p 2.545000 0 0
P 2.545000 0 1
d 2.670000 0 0
D 2.670000 0 1
l 2.705000 0 0
L 2.705000 0 1
c 3.511000 0 0
C 3.511000 0 1
f 3.779000 0 0
F 3.779000 0 1
m 4.374000 0 0
M 4.374000 0 1
b 4.701000 0 0
B 4.701000 0 1
o 6.264000 1 0
O 6.264000 1 1
i 6.286000 1 0
I 6.286000 1 1
w 6.661000 0 0
W 6.661000 0 1
h 7.232000 0 0
H 7.232000 0 1
s 7.755000 0 0
S 7.755000 0 1
a 11.602000 1 0
A 11.602000 1 1
t 16.671000 0 0
T 16.671000 0 1
